File: final_selected_features.csv
Columns: Count, Year, Quarter, Is_High_Risk_Location, Is_High_Risk_Category, Day_of_Week, Latitude, Longitude, Risk_Score, Distance_From_Border_KM, Day, label

Sample data:
 Count  Year  Quarter  Is_High_Risk_Location  Is_High_Risk_Category  Day_of_Week  Latitude  Longitude  Risk_Score  Distance_From_Border_KM  Day  label
 179.0  2020        2                      1                      0            2 26.915458  75.818982           2              1380.016519    1      1
  40.0  2024        2                      0                      1            3 12.988157  77.622600           1              1623.220149   27      1
 373.0  2024        3                      1                      0            3 26.838100  80.934600           2               900.381099   19      1
 457.0  2022        4                      0                      1            4 27.876107  78.135815           1              1199.904198   14      1
  22.0  2020        2                      0                      1            4 13.083694  80.270186           1              1423.854294   17      1

Basic stats:
            Count         Year     Quarter  Is_High_Risk_Location  Is_High_Risk_Category  Day_of_Week    Latitude   Longitude  Risk_Score  Distance_From_Border_KM         Day       label
count  100.000000   100.000000  100.000000             100.000000             100.000000    100.00000  100.000000  100.000000  100.000000               100.000000  100.000000  100.000000
mean   250.175000  2022.260000    2.490000               0.330000               0.370000      3.25000   22.285089   81.845529    1.030000              1054.808017   14.920000    0.600000
std    131.684874     1.432805    1.114596               0.472582               0.485237      2.05173    5.431021    7.871781    1.019556               640.648846    9.271091    0.492366
min      1.000000  2020.000000    1.000000               0.000000               0.000000      0.00000   11.490528   65.610122    0.000000                68.581604    1.000000    0.000000
25%    169.000000  2021.000000    1.750000               0.000000               0.000000      1.75000   18.521374   77.171695    0.000000               423.700269    6.750000    0.000000
50%    250.250000  2022.000000    2.500000               0.000000               0.000000      3.00000   24.174599   78.474061    1.000000              1224.482065   14.000000    1.000000
75%    345.250000  2023.000000    3.000000               1.000000               1.000000      5.00000   26.915458   88.363895    2.000000              1623.220149   24.000000    1.000000
max    486.000000  2025.000000    4.000000               1.000000               1.000000      6.00000   28.627393   96.120426    3.000000              2381.151337   30.000000    1.000000